178126 2053310 [array([2172310, 2173316, 2174318, 2175318])]
178134 2053310 [array([2172316, 2173318, 2174312, 2175314])]
178136 2053310 [array([2172314, 2173312, 2174310, 2175300])]
178142 2053310 [array([2172318, 2173314, 2174316, 2175316])]
178117 2053310 [array([2172276, 2173278, 2174276, 2175272, 2420016])]
178115 2053310 [array([2172272, 2173270, 2174272, 2175278])]
178110 2053310 [array([2172277, 2173279, 2174275, 2175277])]
178107 2053310 [array([2172278, 2173262, 2174278, 2175276])]
182053 2053310 [array([  23355,  433235, 2172356, 2173354, 2174358, 2175348])]
182079 2053310 [array([2172352, 2173348, 2174352, 2175356, 2420074])]
182086 2053310 [array([2172439, 2173437, 2174439, 2175439])]
182098 2053310 [array([2172393, 2173399, 2174399, 2175397])]
222770 2053310 [array([ 391503, 1111056, 1112378])]
226755 2053310 [array([272162, 318703, 319604, 320608])]
226756 2053310 [array([272166, 318702, 319606, 320600])]
232169 2053310 [array([ 7907,  8909,  9901, 10905, 11911, 12913, 14913, 15907, 16913,
       17913, 18959, 19913, 20911, 21907])]
232162 2053310 [array([  7942,   8944,   9944,  10964,  11964,  12948,  14944,  15940,
        16942,  17960,  18980,  19940,  20952,  21952, 431864])]
234009 2053310 [array([ 7632,  8632,  9634, 10626, 11632, 12610, 14634, 15632, 16604,
       17632, 18672, 19634, 20634, 21620])]
234010 2053310 [array([ 7631,  8633,  9629, 10635, 11635, 12619, 14631, 15633, 16611,
       17633, 18675, 19629, 20639, 21623])]
234012 2053310 [array([  7633,   8631,   9623,  10625,  11631,  12615,  14627,  15637,
        16609,  17637,  18673,  19623,  20637,  21637, 430940])]
252304 2053310 [array([2172545, 2173501, 2174545, 2175501])]
